organization,stage,amount,close_date,probability,next_step,notes
"Example Association","2 - Intention to Move",35000,"Dec 31, 2026",35,"6/24 - Discovery call with VP of Education","Incumbent LMS renewal in Q4; wants better reporting and a seamless member learning experience."
